467..114.. --> [(0,2),(5,7)]
...*...... --> [3]
..35..633. --> [(2,3),(6,7,8)]
......#... --> [6] 
617*...... --> [(0,1,2),3]
.....+.58. --> [5,(7,8)] 
..592..... --> [(2,3,4)]
......755. --> [(6,7,8)]
...$.*.... --> [3,5]
.664.598.. --> (1,2,3) (5,6,7)

neighbour lines
[[0, 1], [0, 2], [1, 3], [2, 4], [3, 5], [4, 6], [5, 7], [6, 8], [7, 9], [7, 8]]

[[0, []], 
 [1, [3]], 
 [2, []], 
 [3, [6]], 
 [4, [3]], 
 [5, [5]], 
 [6, []], 
 [7, []], 
 [8, [3, 5]], 
 [9, []]]


[[0, [(0, 3), (5, 8)]], 
 [1, []], 
 [2, [(2, 4), (6, 9)]], 
 [3, []], 
 [4, [(0, 3)]], 
 [5, [(7, 9)]], 
 [6, [(2, 5)]], 
 [7, [(6, 9)]], 
 [8, []], 
 [9, [(1, 4), (5, 8)]]]